16
0.511 0.388 0.0385 0.2032 0.029 0.0025 250 0 0
0.4932 0.556 0.005 0.001 0.029 0.0025 0 0 250
0.4036 0.508 0.002 0.001 0.029 0.0025 0 0 250
0.479 0.212 0.003 0.001 0.029 0.0025 0 0 250
0.595 0.691 0.004 0.001 0.029 0.0025 0 0 250
0.512 0.567 0.006 0.001 0.029 0.0025 0 0 250
0.498 0.243 0.003 0.001 0.029 0.0025 0 0 250
0.440 0.438 0.005 0.001 0.029 0.0025 0 0 250
0.527 0.151 0.004 0.001 0.029 0.0025 0 0 250
0.484 0.227 0.008 0.001 0.029 0.0025 0 0 250
0.471 0.192 0.004 0.001 0.029 0.0025 0 0 250
0.543 0.398 0.007 0.001 0.029 0.0025 0 0 250
0.429 0.531 0.009 0.001 0.029 0.0025 0 0 250
0.456 0.628 0.003 0.001 0.029 0.0025 0 0 250
0.467 0.428 0.006 0.001 0.029 0.0025 0 0 250
0.460 0.138 0.004 0.001 0.029 0.0025 0 0 250


